1491405066548682752
1491420373111689220
1491421767948451843
1491458895101177856
1491464209431166977
1491570652079218688
1491570834468601857
1491570855079514118
1491570886582755328
1491578057186230272
1491578234991161344
1491578427912384514
1491578859195887616
1491579868316053508
1491583076555960320
1491583217232912385
1491583276305498112
1491583374083112960
1491583553263800320
1491586059662422016
1491594430570467331
1491598604699840512
1491598633653121027
1491598689546436608
1491603067598680064
1491603148943007745
1491603286134521858
1491603734631436289
1491604939797573634
1491657541071343616
1491657626362724352
1491657703848316929
1491659842888806401
1491660256900190213
1491693538886979585
1491693592976687104
